Hoechst0,Hoechst1,A488,A555,A647,Hoechst2,anti_CD3,anti_NaKATPase,anti_CD45RO,Hoechst3,Ki67_488,Keratin_570,aSMA_660,Hoechst4,CD4_488,CD45_PE,PD1_647,Hoechst5,CD20_488,CD68_555,CD8a_660,Hoechst6,CD163_488,FOXP3_570,PDL1_647,Hoechst7,Ecad_488,Vimentin_555,CDX2_647,Hoechst8,LaminABC_488,Desmin_555,CD31_647,Hoechst9,PCNA_488,Ki67_570,CollagenIV_647,Area,MajorAxisLength,MinorAxisLength,Eccentricity,Solidity,Extent
1.1765052,-0.09260615,0.36828405,0.51954186,-0.56531125,-0.2261103,-0.36971846,-0.33634958,0.00558241,-0.08717113,0.061335992,0.092526704,-0.35603985,-0.15657963,-0.11517993,-0.026999058,-0.0021265508,-0.024204087,0.084712766,-0.039389785,-0.14059775,-0.11650265,0.050083917,0.10032775,0.06707812,-0.1372226,-0.05465946,0.043084685,-0.5341539,0.06018338,-0.19974884,-0.1598704,0.037103575,0.046367597,0.09890386,0.07209527,0.13213111,-0.20025055,0.24218151,-0.6124421,0.21113034,-0.043285664,-0.97753894
0.29230896,-0.15862134,-0.4092828,-0.39180872,0.30926448,-0.18084913,0.052531533,0.24415165,0.016114948,-0.22008143,-0.19008653,-0.26411575,-0.08615554,-0.30882058,-0.324097,-0.24096993,-0.2002307,-0.18407102,-0.19521941,-0.16564018,0.0077211265,0.18037663,-0.08442784,-0.21345142,-0.12638266,0.12161096,0.28195655,-0.18753557,-0.4218855,0.29640302,-0.22163351,0.018460259,-0.2968909,0.20218241,-0.6012524,-0.24881901,-0.2213286,0.97698724,0.8176398,0.8672932,-0.001182632,-0.079461426,0.17216302
0.069168344,-0.44027182,-0.40265635,-0.24612473,0.5908775,-0.233889,-0.019103043,-0.32713342,0.27218524,-0.28793362,-0.20220214,-0.3012526,0.14808688,-0.28605682,-0.1680242,-0.06521112,-0.08318851,-0.2921161,-0.07762981,-0.047512706,-0.005788476,-0.33846793,-0.13437437,-0.11116775,-0.033777483,-0.3828203,-0.2254712,-0.04297452,-0.30298477,-0.34301707,-0.3405029,-0.08367158,0.04243764,-0.24726327,0.0006594332,-0.40416113,0.4767383,-1.1353979,-1.0542755,-0.983207,-0.030018713,0.79834646,0.3426015
-0.26219848,0.14507474,0.43350726,0.3215343,0.24034317,0.07478767,-0.039281536,0.49422505,0.21009374,0.038954884,0.022736814,-0.06709316,-0.1230296,0.053816363,-0.004767563,0.08478625,-0.056237813,0.019511439,-0.06282022,-0.09042319,-0.047552522,0.30454007,0.00065023336,-0.10631909,-0.08742729,0.33520177,0.05404053,-0.068020135,0.121701054,0.31951812,0.02830879,0.0032262383,-0.05564058,0.14572458,-0.20439,-0.044060085,-0.5492684,-0.97625726,-1.1872612,-0.48514217,-0.19173865,0.29261062,0.93088615
-0.056325752,0.27886188,0.2489981,0.10703886,0.067483015,0.28716773,-0.1291787,0.12525901,0.14423187,0.07737862,-0.11297771,-0.18809363,0.30668333,0.09145807,-0.21010655,-0.2071843,-0.029273318,0.0835954,0.24359703,-0.2909743,-0.30127782,0.25423038,-0.14008561,-0.08169862,0.14288963,-0.16062748,0.19878553,-0.1431884,0.21674138,0.15709932,-0.29480973,-0.118915975,-0.21067598,0.00023350367,0.06168564,-0.1152972,0.11657333,0.29061267,-0.25874028,0.20252511,-0.22314496,-0.23961563,0.27894333
-0.70577216,-0.53493536,0.29491442,0.29165918,2.1426947,-0.25749475,0.29572895,0.40124378,0.113604575,-0.1789434,0.09592705,0.11537159,0.8563204,-0.071168646,-0.015989745,-0.23491597,0.051858425,-0.1538891,-0.13818036,0.04278411,0.038073517,0.0030637856,0.02175764,0.0063279998,0.0026474323,0.040608723,0.030776933,0.22240944,0.47008875,-0.052055433,0.25660747,0.353484,0.6182105,0.23908357,0.25914335,0.5210852,2.1476724,0.11390567,0.007937834,0.16640581,-0.04350394,0.2709905,0.32143041
-0.1270262,-0.5738307,-0.22571796,-0.13521661,-0.9981944,-0.4963213,-0.15723635,-0.3370704,-0.5527266,-0.17288186,-0.021381624,-0.14247918,-0.14053679,-0.1762786,0.042706475,-0.0021545512,0.046086594,-0.09865657,0.08477745,0.05541944,-0.034658916,-0.17880279,0.10722047,0.14573054,0.079049766,-0.14926629,0.032948565,0.065696985,-0.04081878,-0.11359876,0.15931724,0.023947693,-0.02880847,0.1199692,0.13065335,0.56037545,-0.24738611,-0.23729797,-0.06524474,-0.34492773,0.06200853,-0.039921712,-0.2624321
-0.5379007,-0.32955265,-0.056413177,-0.1580928,1.1669204,-0.26785913,0.13018495,0.6635586,-0.110783204,-0.045513593,0.34476474,0.58023626,0.12641309,-0.039621342,0.16498539,0.012410646,0.18957809,-0.11010184,0.05505958,0.10408901,0.008400779,-0.5180958,0.015650576,0.11200108,0.08282528,-0.66741043,-0.044024386,0.018943742,-0.09621937,-0.7559603,0.03237804,-0.016841955,0.17745255,-0.7979582,-0.09927537,0.03326061,-0.5596071,0.39845195,0.475886,0.2951474,0.044086117,-0.7750265,-0.57720983
0.0638226,0.6964414,0.0010625152,-0.14783268,0.40950346,0.39463493,0.24730399,0.16928852,-0.39922908,0.30289623,0.08784156,0.45569053,-0.060038604,0.36671394,0.08234993,-0.101533584,0.02834728,0.33100647,-0.016565539,0.012164635,-0.019811977,0.45087087,0.06055134,0.093807906,-0.042444803,0.57934237,0.29427937,0.09376904,0.5046821,0.47907838,0.41281956,0.15535106,-0.038111456,0.5398003,0.115050316,0.5021798,0.038279004,-0.074385025,-0.25299636,0.03961009,-0.054883547,0.6940742,0.4579596
0.22885504,-0.05611027,0.08889606,-0.23319802,0.2607917,-0.13087098,-0.08230655,-0.03462029,0.03609788,0.0030628487,0.14343227,-0.123911984,-0.21471538,0.05375808,0.11859594,0.19810559,0.18561573,-0.047439694,-0.16621362,-0.05497496,-0.14961983,0.23685962,0.03303545,0.09205574,-0.25777602,-0.21190557,-0.0321811,-0.21050082,0.35493454,0.2650106,0.17243944,-0.09504491,-0.19945224,-0.20769271,0.13981396,0.031475052,-0.26446527,0.15853015,0.23159139,0.09184288,-0.16379906,-0.060567465,-0.24587582
-0.07735957,0.09667023,0.26700875,0.15619704,0.5839436,0.18907392,-0.53495187,-0.3828171,-0.23499244,0.035521563,0.12585771,-1.0988246,0.49806342,0.14397953,-0.07604307,-0.07230504,-0.040838633,0.10795529,-0.01867952,-0.016287718,-0.26291695,0.2932772,-0.021645265,-0.13829651,-0.03562551,0.35156813,-0.8641519,0.17849892,0.1961302,0.24361424,0.2694175,-0.18389466,0.5751871,0.2392112,0.7274803,-1.0158776,0.3027901,0.04662519,0.12680107,-0.076168135,0.022004347,0.086769186,-0.10033362
-0.23177072,0.25405467,0.08688441,-0.04529314,-0.05279375,0.27334008,0.12825815,0.19663653,-0.14254959,0.08473261,-0.13295501,-0.0854367,0.10877045,0.1149941,-0.05286441,-0.14596707,-0.081137635,0.08600905,-0.050037675,-0.05587261,0.03429665,0.26153228,-0.028317882,-0.10155228,-0.0817243,0.32672086,0.21809779,-0.03099388,0.2639685,0.30288306,0.16409576,0.118237704,-0.10448328,0.3240321,-0.057675917,-0.01872923,0.16511762,-0.55256236,0.08546214,-0.89271647,0.23496269,-1.4714903,-1.6749947
0.0038337563,-0.2758429,-0.41604155,-0.32556975,0.9896623,-0.020230789,1.5144534,0.77732736,2.0116675,-0.14016248,-0.076552354,0.8387964,-0.096704744,-0.18664041,0.17237693,0.41072962,0.12442094,-0.26133493,0.050979923,0.041349076,0.6366117,-0.20367058,-0.041199688,0.040802337,0.0064513185,-0.27721718,0.9475078,-0.25122976,-0.1668961,-0.16114,-0.38623655,0.36088058,-0.6997026,0.18018995,0.23055995,0.82690126,0.22513676,-0.10581157,-0.19088079,0.06612482,-0.02678047,-0.2338606,-0.019233199
0.497471,0.7940054,-0.8515028,-1.0127898,-1.6253471,0.55679953,-0.21061482,-0.30561015,-0.059056558,0.20240976,-0.017705826,0.26709577,-0.32654256,0.18703511,-0.01604303,-0.13131014,-0.060159687,0.08819744,-0.09474947,-0.19547127,-0.1610491,-0.35070607,-0.28649244,-0.11559921,-0.12232696,-0.3424622,-0.4566595,-0.20580223,-0.21517104,-0.43286893,-0.19698091,-0.32004628,-0.16391677,-0.44652322,0.25889638,-0.52712125,-0.014406559,0.47946927,0.36039537,0.4255553,0.005424912,0.25681558,0.10899421
-0.8075878,-0.893592,1.2455946,1.4121059,-0.3046445,-0.47650385,-0.45985165,0.1398551,0.23166199,-0.29729116,0.24666435,0.6675413,-0.26823133,-0.14977042,0.05516849,-0.017265039,0.024770724,-0.26143497,-0.06594622,-0.008343301,-0.21867636,-0.2112099,0.03982419,0.07212374,0.058241315,-0.025605666,0.035506725,0.075948365,0.40288055,-0.14339231,-0.0026815385,-0.07840936,0.2250461,-0.32830164,0.5559123,-0.10953806,0.22150669,0.014658792,-0.17078178,0.21565394,-0.09024248,0.06820734,0.37637863
-1.4760201,-0.85840315,1.4365982,1.2675558,-0.48548254,-0.25942293,0.06817238,0.090549365,0.14193396,-0.17304568,0.10263195,-0.025257565,0.062190037,0.023713993,0.17776585,0.11513182,0.053440295,-0.14612152,0.10698556,0.07351702,0.043080788,-0.043521546,0.088729106,0.052024346,0.069029905,0.12751447,-0.02395808,0.05277441,0.41469124,-0.012874678,0.0599928,0.030186094,0.11122688,-0.029954933,0.22698621,-0.1759854,0.21369857,-0.22171769,-0.18235266,-0.11337509,-0.028335147,-0.6238258,-0.27550665
0.8969226,0.3814076,-0.074002594,0.03211865,-0.24086949,0.046539657,-1.7045063,-0.48872098,-2.7943375,0.020763779,-0.2533468,-0.30761662,-0.2929808,-0.23536846,-0.8083589,-1.1969106,-0.37228414,0.044710156,-0.32350394,-0.26572698,-0.6417409,-0.12200016,-0.1144097,-0.29974696,-0.07174378,-0.2915089,0.14966652,-0.12052384,-0.40279973,-0.09483606,-0.040753637,0.002876254,0.045934003,-0.05267111,-0.08971961,0.044751596,0.121451676,0.14454505,0.3316001,-0.140193,0.09440827,0.26571593,-0.117811605
1.204126,0.8803024,-0.8190722,-0.5218954,0.152205,0.2692977,-0.623133,0.15590876,0.23266296,0.094066605,-0.18935402,0.06913822,0.08520286,-0.2200897,-0.12985234,-0.10700479,-0.18129832,0.00565367,-0.22462265,-0.088009834,-0.35321602,-0.2728104,-0.10626216,-0.21262163,-0.1630697,-0.501957,-0.11392371,-0.01074398,0.006244921,-0.44085607,0.04552237,-0.12773512,0.06332052,-0.33163425,0.21762903,0.3160935,-0.00086712546,-0.77555525,0.24210028,-1.3952634,0.4315673,-1.9238032,-2.4287298
-0.25165656,-0.43487376,0.6749484,0.8677298,0.3835312,-0.2760875,-0.2864065,-0.40912026,0.22749518,-0.19409317,-0.05689354,-0.15805824,-0.1208974,-0.094768554,-0.01766543,0.09703931,-0.074162036,-0.12842494,-0.04780703,-0.01678626,-0.19019195,0.09125529,0.014040698,0.005151767,-0.029615777,0.25926477,-0.17765895,0.13583545,0.27585706,0.20768186,0.007396158,-0.076901495,0.21262063,0.24627575,0.40148497,0.06887885,0.40760952,1.090105,0.91332924,0.97968376,-0.009062749,-0.20000882,-0.08696923
-0.6220699,-0.25352815,0.02420937,-0.112349264,0.6200152,0.054886848,1.9701769,0.70809054,2.6195092,-0.059152085,0.24483417,0.17846526,0.48926455,0.09517674,0.7407779,1.0476862,0.38667226,-0.15077175,0.3382817,0.20765594,0.64567137,-0.61094326,-0.025537213,0.23627637,0.049093686,-0.60576314,-0.11814348,0.019247627,0.12888896,-0.8277496,-0.13283731,-0.070445865,-0.1595889,0.49149308,0.5827099,0.5126945,-0.33037704,-0.09708064,-0.21394098,0.10534594,-0.07423514,-0.28415596,-0.06277833
0.60206395,0.5677961,1.074625,1.1120061,-0.09489341,0.31460258,0.16739711,0.02090909,-0.13396391,0.16385943,-0.009452188,-0.100018404,0.049247235,0.0048746653,-0.012049883,-0.05109446,-0.026581336,0.06538295,-0.009569681,0.00062183326,-0.027538503,-0.3408198,0.01829871,0.0037801827,0.004320429,-0.5124026,0.07008036,-0.09141285,-0.26232767,-0.4765543,-0.11363879,-0.047255035,-0.15731598,-0.29972428,-0.04390078,0.28813043,-0.21709806,-0.0009491736,0.042820197,-0.040172487,0.0182386,-0.034391098,0.015970057
