Hoechst0,Hoechst1,A488,A555,A647,Hoechst2,anti_CD3,anti_NaKATPase,anti_CD45RO,Hoechst3,Ki67_488,Keratin_570,aSMA_660,Hoechst4,CD4_488,CD45_PE,PD1_647,Hoechst5,CD20_488,CD68_555,CD8a_660,Hoechst6,CD163_488,FOXP3_570,PDL1_647,Hoechst7,Ecad_488,Vimentin_555,CDX2_647,Hoechst8,LaminABC_488,Desmin_555,CD31_647,Hoechst9,PCNA_488,Ki67_570,CollagenIV_647,Area,MajorAxisLength,MinorAxisLength,Eccentricity,Solidity,Extent
0.121495135,0.0132551035,-0.14272481,0.00017232809,-0.11430342,-0.033677153,-0.0470674,0.012337058,-0.0056413985,0.06719803,-0.15477604,-0.03974879,0.03192816,-0.1761037,-0.087517515,-0.007869019,0.006824776,0.1637128,0.109763764,-0.12118848,-0.16042365,0.4068203,1.144715,-0.11239092,-0.032965343,0.5356241,-0.06825857,-0.050440077,-0.0861548,-0.41157776,-0.05476539,0.052305583,0.04541969,0.001826483,-0.08377543,0.07041361,0.12758645,0.66523814,0.10130777,0.3095309,-0.102486365,-0.16008803,0.061435953
0.020948686,-0.02872114,0.009614325,-0.0078023323,0.031422723,-0.08343563,0.0042755,-0.005624477,0.16033623,-0.049729135,-0.14952944,0.031850383,-0.022587117,-0.18075567,-0.037217446,0.021284932,0.021520574,0.11337305,0.019483019,-0.16302331,0.122106254,-0.229177,0.7310448,-0.040720917,0.1369833,0.6101597,0.027701074,0.033154592,-0.08617342,0.03172452,0.06876195,0.08229953,-0.09167555,0.010128796,-0.0101501895,0.05519569,0.01627296,0.3760153,-0.0342604,-0.20189562,-0.06903639,-0.084279746,0.11738934
-0.008756797,0.0361698,0.028648665,0.00060291827,-0.057708696,-0.06568709,0.023031164,0.058267172,-0.09157319,0.019642022,-0.08286726,-0.06426363,0.06471742,-0.0060735247,-0.09662541,-0.122423835,0.114025906,0.021089975,0.0042563686,-0.09285969,0.10579196,0.20714754,-0.5081144,-0.10831719,0.16523652,-1.24478,-0.082494855,-0.13194142,0.15450776,-0.1647883,-0.147292,-0.28823653,-0.1285898,-0.0026541094,0.03856095,-0.0075144526,0.19823799,-1.3302597,0.08984734,0.12335525,0.050247394,-0.28481913,0.12479206
0.039442696,0.13139129,-0.010940958,0.0057398905,0.026718097,-0.29732877,0.017081417,-0.121822715,0.008394125,0.14483087,-0.17615461,-0.18031128,0.16479364,-0.015860751,-0.46160018,-0.104950964,-0.008569313,0.10400142,0.057043113,-0.08325752,-0.08475901,-0.030067574,-0.46103904,-0.412515,0.06640009,-1.4564562,0.06113918,-0.32936066,0.09718216,-0.19168842,-0.22109888,-0.16631614,-0.042736065,-0.006880723,-0.09693561,0.084714755,0.15728295,-1.4196947,0.15586855,0.026493186,0.040606655,-0.2947687,0.17022234
0.033474833,0.08512738,0.3097646,-0.001667442,0.33974573,-0.17091392,-0.013267312,-0.08171647,-0.029828902,0.14404337,-0.100083135,-0.024420496,0.08515717,-0.1446708,0.07543998,0.033201102,-0.060142558,0.13352613,0.036036536,-0.12593792,0.15431972,-1.0241966,0.802849,0.100287914,-0.10054523,0.30187386,0.14836566,-0.1022862,0.07238483,0.25076935,0.006881462,0.0822018,0.09951889,0.0031451518,0.0027404258,-0.07499346,-0.3311292,-0.1285845,0.014587346,-0.91818815,-0.0038368977,-0.11704875,0.125016
-0.008925809,0.008577923,0.028258434,-0.011935428,-0.05020701,0.2639712,-0.003989245,0.09772315,0.08511193,-0.076844834,-0.093851335,0.17244554,-0.0029504532,-0.09626022,0.4697524,-0.044720385,0.08046268,0.018715853,0.0016789243,-0.091346264,-0.04371609,0.15336268,0.2985218,0.41790542,0.11379417,0.58330107,0.09801201,0.14126566,-0.016661797,0.015787313,0.034379087,0.040704455,-0.14385915,0.012032087,0.018946232,0.023362657,0.04023475,0.24863204,-0.035978146,0.16878574,-0.031877052,-0.057790957,0.00910875
-0.07591053,0.1645803,0.076167,-0.010328804,-0.05162042,-0.029031893,0.11790793,-0.0814,-0.019103104,0.19323567,-0.043408662,-0.08666367,0.18834141,-0.05054889,-0.105890214,-0.04595393,0.028753813,-0.031073809,-0.16501741,0.031386796,0.09894712,0.19255084,0.100332275,-0.0842256,-0.13869378,0.079802915,-0.046372928,-0.27913743,0.00831267,-0.6735147,0.024608865,-0.060809948,0.0828401,0.009062257,-0.044774733,-0.019292163,0.07156478,0.0140146315,-0.04749179,0.17870875,-0.0057986844,0.021173308,0.018770989
0.041496165,-0.35325316,0.120556414,-0.0023053999,0.036763832,0.48805922,-0.026951604,-0.015798321,-0.03487854,-0.51943845,0.06583837,0.32026088,-0.46904826,0.08661095,0.8727194,0.22444879,-0.3693496,0.0022807384,0.008625089,-0.12190008,0.1436395,-0.042228255,0.05065119,0.74526936,-0.0183673,0.473734,-0.06007637,0.54642206,-0.006959546,0.17406242,0.05231536,-0.102699555,0.0153231425,0.003213047,0.24116942,-0.07768994,0.059403382,-0.1830918,-0.3420596,-0.19864048,-0.012723981,-0.033393946,0.007213674
-0.19201061,0.35523707,0.077001266,0.00044336432,-0.0010657768,-0.10368363,0.16126664,0.040879708,0.045826446,0.46722424,-0.032532748,-0.08659296,0.44502646,0.013681754,-0.091106005,-0.15713322,-0.38449678,0.03005745,-0.29554424,-0.047763683,0.06369565,0.053715043,0.022374582,-0.058530226,-0.052553494,-0.32339138,0.012216479,-0.53533393,-0.03530428,-0.6784547,-0.09251339,0.11772499,0.048039198,-0.00089513906,-0.10083134,0.017358828,0.0696868,-0.0700914,-0.0451624,0.042660218,-0.011198655,-0.00031324325,-0.003592822
-0.15986791,-0.035518926,0.034719206,0.000105838764,0.008602016,-0.023475684,-0.025536671,-0.025636435,0.14070281,0.10563034,-0.08086264,0.03471896,0.01321957,-0.123195946,0.073746204,0.001161881,-0.14894609,0.027109936,-0.1842419,-0.13834922,-0.16611739,0.0023518445,0.38316247,0.05042136,0.048627377,0.6888112,-0.05777922,0.025721366,-0.046832785,0.10109934,0.15824164,0.15371087,-0.0380009,0.0026308422,-0.07577951,-0.044236936,-0.03517549,0.31696728,0.023889849,0.07597146,-0.004562166,-0.13538185,0.1139629
0.037416283,-0.25668707,-0.004571009,0.0064667836,0.013709346,0.390814,-0.010070662,0.1636525,-0.03067191,-0.30090448,0.034502547,0.21661203,-0.33646205,0.041019145,0.67167276,0.08439982,-0.029897058,0.0524891,0.043491837,-0.07680485,-0.31602123,-0.23164816,-0.07593412,0.5745753,-0.07907789,-0.15625705,0.016963653,0.36450213,-0.019462,0.22058152,-0.060568877,-0.010810869,0.071687475,-0.008566069,0.19803126,-0.030187408,0.020735918,-0.07909611,-0.16829133,-0.16476452,-0.03552496,-0.049786605,-0.0099211885
0.010462379,-0.5248377,0.021994907,0.0012663373,0.052635252,0.8292822,-0.12134593,0.3664774,-0.024703078,-0.6663945,0.103476696,0.5877337,-0.71044713,0.07187189,1.4431032,0.26374185,-0.12890674,0.004979485,0.011029967,-0.05675358,0.07271036,-0.5289364,0.0103446925,1.2327259,-0.058410626,0.48752496,0.05634126,0.85468626,0.0068907714,0.9006138,0.06592862,0.063195944,0.04617256,0.0024488335,0.34143442,-0.10059023,0.0063921837,-0.016816434,-0.3550559,-0.43308327,-0.020726833,0.043444756,0.046734866
0.05843923,0.104494005,0.12398649,-0.002881738,-0.05661097,-0.10571613,0.003779876,-0.0486777,0.021643646,0.14847514,-0.021480296,-0.11943922,0.13992612,-0.023313968,-0.23973109,-0.08335463,-0.07280657,-0.057694484,0.050414797,0.02011893,0.05420066,0.3124266,0.16488217,-0.18820606,0.012438025,-0.02324845,-0.10764538,-0.1735012,0.08622227,-0.6044303,0.038963586,0.012724244,-0.026143394,0.0029067008,0.00018130147,-0.034007084,-0.046624195,0.2912316,0.063899785,0.30180398,0.018450875,0.03919149,-0.02538107
0.039002296,0.04447979,-0.04251139,0.0005261224,-0.013731,0.09852425,-0.014012316,0.004550909,0.0003166604,-0.11084265,-0.06845119,0.042693082,-0.059158877,0.018031368,0.020193439,-0.123046726,-0.18265203,0.011390737,0.06226732,-0.028443163,0.121634774,0.014680063,0.1579187,-0.00402223,0.10871237,0.6673151,-0.01739122,-0.022035558,-0.016572984,0.4667503,-0.08938386,0.030611014,-0.09774036,0.0048183203,0.04833684,-0.009312505,0.04229773,0.035337914,0.0009929088,-0.07655139,-0.024698032,0.047653902,-0.09473571
-0.123732045,0.094552375,0.03200887,0.0009801068,0.024764162,-0.026598787,0.09222205,-0.02145701,0.026819598,0.15468691,0.021806879,-0.1353628,0.11223444,-0.00045609986,-0.18044025,0.037405703,0.07098336,-0.014792186,-0.15073617,0.0015587384,0.04516573,0.023403617,-0.036284715,-0.16659828,0.09232433,-0.1516043,-0.024077516,-0.24834488,-0.0084156385,0.37393767,0.114196986,0.004375146,-0.03359361,-0.0008400309,-0.04343304,-0.039980475,-0.059360374,-0.23473059,0.03089556,0.03800954,0.014947949,0.035549395,0.043397423
-0.12424143,0.21234986,-0.002822339,-0.00016736228,0.028742226,-0.26378623,0.08883312,-0.04657317,0.09962341,0.33673316,-0.043170046,-0.12914923,0.28711388,-0.056224614,-0.32272154,-0.12545216,0.0034774027,0.043137066,-0.14883913,-0.076158494,-0.12658615,-0.1922722,0.105728194,-0.27260685,-0.08581256,-0.519612,-0.01374955,-0.40621048,-0.05961624,-0.28541568,0.019628141,0.11988263,0.06317702,0.0022066745,-0.18003342,0.07144773,-0.014608334,-0.015982358,0.026273651,-0.094478905,0.00059958175,-0.105092,0.018204618
-0.13253507,0.07198309,0.07975518,0.0073315203,-0.000853978,0.0328699,0.029630775,0.12895292,-0.0139433,0.08011534,-0.008286062,-0.046249676,0.11537664,0.03181932,0.0033155344,-0.121692285,-0.011815137,0.0019313273,-0.16962552,-0.03956187,-0.46681044,0.10963948,0.12283058,0.021809708,-0.0056741247,0.27358302,0.031340554,-0.20516697,-0.02282879,-0.07469486,-0.077734664,-0.10620272,-0.020896537,-0.0046310797,0.13073945,-0.038838174,0.05635557,-0.40769452,-0.017454691,-0.03731148,-0.007318877,-0.036489237,-0.039117955
-0.051650748,-0.034114193,-0.04006691,-0.0023174596,-0.0149989445,0.061442956,-0.024962256,0.057562802,0.024976023,-0.008824749,-0.020498522,0.013470918,-0.0764829,-0.034986284,0.1181756,-0.0045781992,0.07727713,0.041344736,-0.051762804,-0.05909082,-0.008624238,0.0811827,0.3594015,0.08837908,-0.019393448,0.34104002,0.04140082,-0.01993148,-0.03583974,0.5237373,0.017349802,0.084190845,0.01929753,0.0011315979,0.040356573,-0.012580325,-0.0048254747,-0.075832136,0.0031245297,0.030251898,-0.019436577,0.013789682,0.02448661
-0.067773774,0.10624723,-0.017901406,-0.0020991645,0.014769898,-0.105526336,0.058651045,-0.08055126,0.026082749,0.094125606,-0.028586837,0.01409325,0.11044558,-0.011730189,-0.25030398,0.10707252,0.05553268,-0.016243802,-0.075082034,0.035302103,-0.42223153,-0.0051250644,0.15965278,-0.21303284,0.0037967246,-0.06422172,0.018225485,-0.010369722,-0.025364399,0.2064558,0.012896399,-0.03897521,-0.011005449,0.002271373,-0.066723585,0.021907967,-0.0034917956,0.38933852,0.014441554,-0.04251884,0.008657545,0.032483954,0.020109309
-0.010707511,0.0137845315,0.025646718,-0.0012026919,0.041736703,-0.041716233,0.021282112,-0.012319595,0.040755145,0.0071847807,0.0066948663,0.033665694,-0.014084194,-0.00672527,0.0850417,0.00264451,0.15527345,-0.03417754,-0.0030477804,0.026267387,-0.38122824,-0.0058614654,0.05525841,0.0726993,0.027540954,0.061060343,0.009639996,0.07745977,0.01008319,0.3165472,0.019309485,0.06857555,-0.02401675,-0.0003800367,0.033003394,-0.05179911,-0.0015961308,-0.10914177,0.018058686,-0.019065179,0.013811506,0.03221192,0.008954023
-0.07084319,0.111018844,0.052988183,-0.004090069,0.0038320655,-0.01104419,0.0295668,-0.04535429,0.05890469,0.13454145,-0.017787557,-0.049826413,0.12725906,0.0082477005,-0.0008916565,0.015426963,-0.011182884,-0.021941587,-0.09697778,0.012969025,-0.18778457,0.053185552,-0.052192662,0.0011981983,-0.009429317,0.22203332,0.001257683,-0.120478414,-0.016347958,-0.36463133,-0.0009854252,0.15304969,0.03283124,0.0041041602,0.0020418428,0.029199366,-0.0010575014,0.4677691,0.012500465,0.011635635,0.009736143,0.06160857,0.022031559
-0.18310511,-0.05234294,0.027529238,0.00045056446,0.0620826,-0.013968516,0.08437078,-0.16450165,0.04131402,0.022830766,-0.025597459,-0.008512968,-0.057153795,-0.0175691,0.008668385,0.1943458,0.13142465,0.07483452,-0.12518448,-0.08020482,0.11369356,-0.21320967,0.10693098,0.022505462,0.026751766,0.33863157,0.0415282,0.0760621,-0.037060104,0.8482256,0.009999589,0.15618744,-0.02265967,0.00048127663,-0.016831312,-0.006171664,-0.09705694,0.062295888,0.0015458966,-0.13380088,-0.013044892,-0.01529449,0.09544196
-0.018444302,-0.13336265,0.007868812,-0.0008157334,-0.010998318,0.14290443,-0.0064504584,0.08507672,0.03965006,-0.23720466,0.024365487,0.10788248,-0.2505256,0.022480927,0.002522456,0.33059162,-0.1282533,0.020160092,0.0015811104,0.0023171739,0.16828313,0.2211462,-0.15737243,-0.003583858,-0.12685053,-0.057441227,0.006765264,0.45396322,-0.020959692,0.27125445,0.03150633,0.048713077,0.05359343,0.0026703703,0.021509519,0.010109408,0.09967179,-0.0061248294,0.004356087,0.04312079,-0.010143955,-0.02139347,0.05850098
-0.07778319,0.04430691,0.024139963,-0.0007846834,-0.036614798,-0.032007206,0.028501946,-0.042319093,0.041737173,0.01934524,-0.04781489,-0.0042967643,0.0075732847,-0.00786319,-0.1248216,-0.012118454,0.045366652,0.007303887,-0.09054281,0.013673595,-0.267762,0.27585718,0.19659168,-0.11591211,-0.058620274,0.010026507,-0.046721455,-0.023158649,-0.016221344,0.19439547,-0.043930173,-0.02406637,0.034750223,-2.110775e-05,0.06856865,-0.028345432,0.09245292,0.058274176,0.09202932,0.13266307,-0.0060858596,-0.0052149403,-0.011334909
-0.1402104,-0.23222876,-0.14970233,0.010478481,0.072505996,0.22862819,0.04984894,0.2453603,-0.0032706263,-0.015499311,-0.025514847,0.31464273,-0.23296884,-0.08899775,0.32210627,0.4444147,0.07050768,-0.03535847,-0.14886554,-0.210632,-0.516928,0.028269626,-0.4362379,0.27622202,-0.07776756,-0.026072245,0.04292309,0.72716284,-0.01262214,0.7023758,0.12419035,0.2585259,-0.049216405,-0.0064972593,0.16499867,-0.101739705,-0.18272066,-0.14969994,-0.06489099,0.0030415207,-0.02144688,-0.23409367,0.044466496
-0.25841585,-0.03617431,0.019870942,-0.0013520594,0.004594701,-0.03530623,0.057913434,0.063120194,0.054187123,-0.007769062,0.03469492,0.0043674395,-0.039645616,-0.0069893934,-0.06858665,-0.11225905,-0.0012105908,0.057659846,-0.20330875,-0.031877097,-0.008208109,-0.08883074,-0.0763425,-0.060180068,0.06585385,0.12550752,-0.0032699292,-0.04447591,-0.009703212,0.86484075,-0.021264674,0.06969175,-0.08528867,-9.601762e-05,-0.07628126,-0.05861562,-0.010135419,0.11951377,-0.037827376,-0.08752606,-0.0054208008,-0.03748392,-0.041239884
0.044326924,-0.3052239,-0.0049127205,-0.0009064255,0.013324073,0.28097385,-0.050123706,-0.04367962,-0.11826886,-0.4180577,0.050754357,0.23246238,-0.42145306,0.02773652,0.654209,0.34840167,0.097790204,0.042489234,0.05471785,-0.021821965,0.030652026,-0.50706977,0.46113014,0.5624556,-0.06952442,0.6630508,0.19362912,0.69474685,0.01574644,0.56295925,0.08287955,-0.06425106,0.1234592,-0.0015479211,0.24064514,-0.011511746,0.017069627,0.1917599,-0.22448985,-0.4396551,-0.0067981016,-0.111222945,0.09523569
-0.20889086,0.18246983,0.07587065,-0.0034165177,0.022404827,-0.12506028,0.038359873,-0.16957948,0.095120735,0.24999505,-0.039362002,-0.10967149,0.22991171,-0.007331781,-0.2785092,-0.09914057,0.087685846,0.0054954723,-0.2311104,0.012047909,-0.11886468,0.034457803,0.14335176,-0.22347386,-0.029832818,-0.43891987,-0.055748306,-0.35013136,-0.02164973,0.25259244,-0.034218233,0.012655243,0.03841064,0.003637787,-0.124275886,0.06970055,-0.014973873,-0.21175723,0.087757625,0.026361573,0.011491421,0.043477897,0.03654644
-0.18048571,-0.032775868,0.0058628595,-0.005692413,0.03659022,0.102288194,0.037636593,0.0363645,-0.024056997,-0.007981865,0.06256464,0.029286291,-0.051527623,0.032393374,0.18883649,0.030079314,0.097641796,-0.025389442,-0.16551356,-0.012579183,0.179021,-0.13479173,-0.2519925,0.16526778,0.06293888,-0.15910667,-0.022307334,0.111048505,0.024741657,0.7666664,0.114536956,0.13971724,-0.047799964,0.0027929544,-0.06347425,0.042249154,-0.15832601,-0.17195168,-0.10002586,-0.10421139,0.03475114,0.008795235,0.020772012
-0.39162382,0.0030589092,-0.025715018,0.000910858,0.061952643,0.05982921,0.08496288,-0.085581,-0.02222547,0.108790465,0.0032809293,0.023391938,0.03777754,-0.010148023,0.1346463,0.136831,0.23483326,0.10557406,-0.3503391,-0.040371038,0.07946458,-0.055002533,0.028201483,0.11322473,0.012143924,0.02447128,0.081460536,-0.04914539,-0.08067915,0.4565317,0.0020126838,0.124981016,0.0015757289,-7.221062e-05,-0.07853355,0.048676148,-0.09770056,0.26455185,0.017107498,-0.044906713,-0.018959647,-0.009580524,0.122307144
-0.047656,-0.07246593,0.028825546,0.00043316063,-0.06437785,-0.045283765,0.0048295096,0.016655734,0.07779969,-0.10754243,-0.024935775,-0.14978346,-0.12603623,0.00410128,-0.27814987,-0.036464717,0.05114651,0.011713816,-0.033897024,-0.025210278,-0.2787203,0.27344877,-0.020407023,-0.26455075,-0.036916826,-0.030114792,-0.12691401,0.061117787,0.0007884112,0.21325868,0.033632137,-0.047988694,0.039494935,0.00037135428,0.018247843,-0.05351482,0.018409295,0.119987786,0.012284542,0.18801652,0.008067535,0.011162783,0.003528146
-0.00065739406,-0.15529077,-0.0017650966,-0.00372524,-0.042654466,0.05894054,0.024891509,0.022946276,-0.032557197,-0.30453786,-0.0047952295,0.07339329,-0.27299047,-0.0010541992,0.048015513,0.07636754,0.14289194,-0.019360196,0.014018708,0.051146384,-0.014170028,0.17601705,0.42842942,0.042896017,0.0016253602,0.1286426,-0.01281573,0.28308186,0.040758334,-0.15289214,-0.03910946,-0.014068094,-0.025989983,0.0022714967,0.14611654,-0.065427884,0.027420484,0.34979442,-0.04109661,0.11600837,-0.0033590344,0.054261625,-0.029730013
-0.0067080795,0.08077464,0.11694917,-0.0018699915,-0.037584007,-0.05810082,-0.002215046,-0.027813887,-0.012747204,0.13392974,-0.0125195645,-0.11481891,0.10651792,-0.0011452603,-0.14422213,-0.15234314,-0.1039651,-0.020925824,-0.011953169,-0.0057139113,-0.036629975,0.17656575,0.15352568,-0.108461305,-0.033414327,0.15780063,-0.08305569,-0.31527382,0.055869877,0.1461944,0.0024569521,-0.037667114,0.015675751,0.00055008085,-0.088700056,-0.02236967,-0.0052211904,0.18939768,0.0851108,0.15848479,0.011170857,-0.025282616,-0.042684216
-0.29394194,0.18008824,0.06187805,-0.008514351,-0.057909057,-0.03870486,0.14904071,-0.23415199,-0.0068267575,0.2812784,0.013268756,-0.1545501,0.23516025,0.008031979,-0.12761337,0.25827393,-0.034800667,0.035142016,-0.29452646,-0.025088299,0.11170042,0.29158428,0.10840768,-0.103883445,0.0111240605,0.035075493,-0.010535019,0.03128832,-0.015172169,1.217543,0.020296747,0.022213742,0.028592585,0.00907656,-0.09271811,0.047698822,0.0041060383,0.2031887,0.032917023,0.2357086,0.003102519,-0.0030813606,0.04746644
-0.039019454,-0.3091588,-0.13142999,0.0015519373,0.028072737,0.08810233,0.16811632,-0.16379361,0.040951632,-0.52162164,0.011313758,0.06576102,-0.5230271,-0.03620534,0.17013547,0.19874406,0.025224024,0.03889464,0.0018679264,-0.045187406,0.02983257,-0.20593233,0.2898998,0.16460542,-0.09717758,0.06616191,0.11663989,0.80697376,-0.038852688,0.8173806,-0.033377487,-0.017139975,0.059405476,-7.189007e-05,0.120507546,0.0058406745,-0.0725514,0.029076174,-0.07790566,-0.09401196,-0.0059574945,-0.0896269,0.027877772
-0.026668707,-0.16147093,0.0032460939,-0.0010970992,-0.18869106,-0.02565795,-0.021624826,-0.30008852,-0.03466417,-0.08555666,-0.055016674,0.0077939304,-0.26199144,-0.055020057,-0.4299558,0.33814037,0.30970013,0.07382487,-0.04468608,-0.027004318,-0.023106566,0.6983074,0.45378503,-0.41921246,-0.1931096,-0.22730653,-0.19071111,0.70154643,0.06659565,0.50989395,0.032767568,0.010901214,0.16209584,0.0038710698,0.18614121,-0.15191837,0.10107427,0.2460904,0.13265844,0.67102873,-0.013828873,-0.07771919,0.111670025
0.03285965,0.18870173,0.13456309,-0.005007998,-0.32884845,0.057025097,-0.029568773,-0.08925295,0.046847537,0.24109101,0.0026580717,-0.054622643,0.2279662,0.012729754,-0.19328327,-0.048013978,-0.13218245,-0.05242208,0.033469953,0.06940672,0.07060629,1.221852,-0.34880295,-0.121730976,0.020055672,-0.35395008,-0.27928954,-0.16796947,0.20995699,-0.45384926,-0.013734665,-0.04097025,-0.008106602,0.0052607646,-0.13018204,0.10942386,-0.05635019,0.27592376,0.1834005,1.1157262,0.015992327,0.067600854,-0.1045107
-0.028587129,0.032908447,-0.0036408538,0.20291914,-0.015712263,0.008251193,0.0154347,0.003813952,-0.04162172,0.088718615,0.01610619,0.012008033,0.07543319,-0.029777441,-0.024495907,0.00906066,0.05984846,-0.015159117,-0.014264305,-0.035954546,0.14119025,0.10055636,-0.17430021,-0.021311056,0.020759892,-0.46247986,-0.052036285,-0.03440715,0.0071059316,-0.13422625,-0.13353594,-0.027589368,-0.019383868,-0.2237708,0.0044848314,0.012731674,-0.021411529,-0.4063853,0.018429661,0.08363247,-0.085479386,-0.041714903,0.032209266
0.015772445,0.0090214135,-0.02268442,0.19044623,-0.04242548,0.002329947,-0.016244853,-0.0022670953,0.05025445,0.016843375,-0.021318322,-0.020631604,0.012624627,-0.02992506,-0.052382674,0.016925877,-0.0130010815,0.017490434,0.017791174,-0.009511891,-0.11540472,0.17566529,0.31020772,-0.04468079,-0.021910347,-0.101388566,0.015358146,-0.008186086,0.0009854235,0.02243111,0.09157801,0.016833114,0.021438919,-0.21250561,-0.017585063,0.03744995,0.010299453,0.0285873,0.06084517,0.1554563,0.0071002804,-0.007827927,0.0026975526
-0.036497816,-0.037731968,0.036737405,0.16413276,0.0023477792,0.03579622,0.00051918335,-0.010732329,0.0035258834,-0.071041375,0.099204555,0.04045571,-0.06815425,0.017868528,0.0649528,0.046426523,-0.009534332,-0.030020285,-0.040848766,0.007937788,-0.067951575,-0.098892,-0.29619312,0.05287323,0.0012336842,-0.18224758,0.021405539,0.10723772,0.04140765,0.4160758,0.07613669,0.05036634,0.0089102425,-0.18459746,0.046501707,-0.05452837,0.005578402,-0.21035819,-0.029161919,-0.056143723,-0.13262698,0.0053690304,0.0011058699
0.01516921,-0.058924947,-0.026374731,0.007067826,-0.012817139,0.10760178,-0.032115564,0.0372552,-0.02522902,-0.030803688,-0.039731476,0.0762309,-0.051163923,-0.03682135,0.10735886,-0.01787707,-0.009777608,0.0075939037,0.011947715,0.02946446,-0.16115062,0.09794242,0.09945335,0.089547805,-0.03095722,-0.40719983,-0.022927882,0.07809763,0.010386954,-0.29170737,-0.057941485,0.016930435,0.038086843,-0.010321636,0.036658075,-0.0113989245,0.03393329,-0.08273346,-0.059133474,0.055996258,0.029593807,-0.0056168893,-0.022874504
0.0146387145,0.008357722,-0.033905473,-0.09313316,-0.023119604,0.03045212,0.0003745712,-0.010114166,0.03829776,0.015840799,0.11805018,-0.016759813,0.011762742,-0.002337118,0.041156348,0.016365105,-0.0014410808,0.0041722218,0.018584458,0.0020762235,-0.07521656,0.06450849,-0.30925986,0.036376603,-0.07323127,-0.6481584,-0.02027419,-0.023119088,0.054460496,0.032098852,0.0055315606,0.0069097546,0.069916986,0.10320145,-0.0217156,0.027148886,0.00091321993,-0.6854245,0.019610543,0.1062142,-0.21297438,-0.03400804,0.020331671
-0.006217475,-0.0048644757,0.06550333,-0.06092467,0.0054474114,0.0059088124,0.008996091,-0.026699876,-0.031195313,-0.025955018,0.177901,0.021572674,-0.023385214,0.06387203,-0.01483765,0.0146073215,0.019880377,-0.049963623,0.00586914,0.014683618,-0.033351317,0.038960364,-0.7337753,-0.014251791,0.025339684,-0.41917524,-0.01472345,0.03532776,0.07679437,0.061685283,0.011331954,0.09219963,-0.017183248,0.06544626,0.036392473,-0.043119967,0.00022772007,-0.62000805,0.012643251,0.051511884,-0.24483915,0.017078936,0.018066412
